A =

   -45    32    48   -16
    40   -25    28    -1
    -2    -1    27    -5
    26    15   -28    41


B =

   -16   -12    11    43
    35   -22    20    47
    50     0   -11   -37
     7    30    36   -21

Row. Nasha 1: (1,1)=(-45,-16)
Row. Nasha 2: (2,2)=(-25,-22)
Dopuszczalne: (1,1)=(-45,-16)
Brak minimaksowych rozwiazan w macierzy A
Brak minimaksowych rozwiazan w macierzy B