A =

    -2    41     4   -43
    -1    12    11   -10
    38    29     3   -39
   -42    21    31    40


B =

    -3    -8    20     1
    36   -39   -34     3
    16   -38    40    14
    -9   -40    14    12

Row. Nasha 1: (2,2)=(12,-39)
Dopuszczalne: (2,2)=(12,-39)

minmaks1 =

     2
     2
    12


minmaks2 =

     2
     2
   -39

Rozwiazanie minimaksowe: (2,2)=(12,-39)