A =

   -45    13    26    35
   -37   -39   -10   -11
    44   -19    42   -32
    48   -25    24   -48


B =

     4    38   -13    -1
    -4   -21   -43    27
    44    15    15    35
   -18     7    13   -21

Row. Nasha 1: (4,4)=(-48,-21)
Dopuszczalne: (4,4)=(-48,-21)

minmaks1 =

     2     1
     3     1
   -10    -1


minmaks2 =

     2
     3
   -43

Rozwiazanie minimaksowe: (2,3)=(-10,-43)
>> 