A =

   -13    21    18    23
     0   -33    -5    37
    49     9   -25    24
   -38    -6     3    16


B =

    28    47    39    10
    -6   -17   -20   -25
   -16    -4   -19   -15
    13    14    32     7

Row. Nasha 1: (3,3)=(-25,-19)
Row. Nasha 2: (4,4)=(16,7)
Dopuszczalne: (3,3)=(-25,-19)

minmaks1 =

     4     2
     4     4
    16     8


minmaks2 =

     4     1
     4     4
     7   -42

Rozwiazanie minimaksowe: (4,4)=(16,7)