A = [
    1 3;
    2 0;
    ];

A =[
    2 5;
    4 3;
    1 6;
    ]
 
A =    [[1,1,3,2,4,0];
        [1,0,2,3,4,1];
        [3,4,2,0,1,3];
        [2,1,2,3,4,0];
        [1,3,1,2,4,3];
        [4,2,1,0,2,3]]